13616
9305
9315
1047171
6669
6279
135651
6238
6239
281687
31234
54126
6334
7209
9258
55529
121225
5888
5821
5825
5833
5850
5855
5911
5811
7668
88036
400682
6183
10141
10020
10090
9978
9986
10116
43179
37347
653948
272952
2850
4787
164328
67593
65071
35128
5207
5664
5691
40559
5180
8049
7897
31033
8090
8083
69293
99883
8128
7955
3218
7159
43151
7165
7176
7217
7220
7222
7227
7230
7234
7237
7238
7240
7244
7260
7245
36166
184922
72558
5270
29159
225164
9785
9813
9371
126957
7091
13037
34740
5272
34373
7029
13249
39416
7757
4896
45157
30538
9685
9913
9615
9739
9669
9365
9796
132908
59463
9646
9823
42254
8364
321614
5022
53485
45151
6945
32264
3880
59689
3702
3711
3847
3694
4081
4113
29760
7719
51511
28377
13735
37682
4572
15368
4513
4641
4533
4538
4530
39946
4555
4558
4577
284811
4922
4932
4952
334819
5507
449239
140110
29875
51453
10228
5141
5057
5059
746128
451804
162425
5061
5062
33178
36630
283909
6412
44689
5759
3055
29850
318829
148304
203908
5297
208348
9031
59894
8839
9103
59729
30611
9598
61853
9593
9606
9544
9483
30608
9601
9478
31870
7070
45351
9361
9358
12957
7460
7425
